685.0
1028.0
1034.0
1037.0
1038.0
1039.0
1040.0
1041.0
1047.0
1050.0
1061.0
1062.0
1068.0
1078.0
1084.0
2238.0
2254.0
2256.0
2272.0
2282.0
2285.0
289.0
346.0
357.0
359.0
368.0
380.0
384.0
391.0
397.0
402.0
406.0
408.0
418.0
420.0
423.0
424.0
1645.0
1647.0
1648.0
1651.0
1657.0
1658.0
1659.0
1663.0
1664.0
1670.0
1671.0
1672.0
1681.0
1688.0
1689.0
1694.0
1696.0
1704.0
1705.0
1711.0
1713.0
1719.0
1722.0
1726.0
1732.0
771.0
827.0
1127.0
1138.0
1140.0
1149.0
1156.0
1160.0
1165.0
1167.0
1170.0
1171.0
1172.0
1173.0
1542.0
1543.0
1544.0
1545.0
1560.0
1570.0
1571.0
1577.0
1588.0
1594.0
1605.0
1610.0
1615.0
1616.0
1630.0
1998.0
2012.0
2021.0
2037.0
2045.0
2054.0
2056.0
2064.0
2072.0
2073.0
2306.0
2555.0
2579.0
2582.0
2589.0
2592.0
2611.0
2613.0
2623.0
2633.0
844.0
866.0
873.0
901.0
902.0
917.0
2440.0
2441.0
2459.0
2479.0
2480.0
2483.0
2485.0
2489.0
2502.0
2508.0
227.0
405.0
420.0
434.0
1052.0
1065.0
1066.0
1403.0
1407.0
1418.0
1442.0
1448.0
136.0
440.0
441.0
447.0
469.0
473.0
474.0
487.0
489.0
505.0
510.0
519.0
1707.0
1711.0
1713.0
1715.0
1719.0
1727.0
1731.0
1737.0
1742.0
1744.0
1765.0
1766.0
1769.0
1782.0
1785.0
1789.0
1795.0
1882.0
2247.0
2249.0
2254.0
2263.0
2273.0
2275.0
2277.0
2282.0
2285.0
2300.0
2306.0
2307.0
2317.0
2318.0
2502.0
2731.0
2734.0
2744.0
2745.0
2749.0
2757.0
2763.0
2771.0
2782.0
2788.0
2789.0
2796.0
2797.0
1793.0
1999.0
2001.0
2023.0
2028.0
2029.0
2032.0
2035.0
2039.0
2058.0
2066.0
2071.0
2341.0
2350.0
2356.0
2365.0
2368.0
2382.0
2385.0
2387.0
2388.0
2391.0
2393.0
2416.0
2419.0
2421.0
2872.0
2885.0
2890.0
2896.0
2908.0
61.0
157.0
324.0
325.0
327.0
350.0
351.0
355.0
356.0
359.0
368.0
371.0
372.0
401.0
404.0
415.0
429.0
699.0
724.0
737.0
749.0
750.0
751.0
753.0
754.0
760.0
816.0
912.0
978.0
1036.0
1071.0
1168.0
1169.0
1171.0
1192.0
1195.0
1197.0
1198.0
1203.0
1212.0
1218.0
1223.0
1250.0
1294.0
1380.0
1460.0
1510.0
1689.0
1740.0
1756.0
1758.0
2035.0
2070.0
2073.0
2185.0
2186.0
2189.0
2191.0
2217.0
2218.0
2228.0
2232.0
2234.0
2237.0
2259.0
2341.0
2348.0
2357.0
2367.0
2368.0
2433.0
2452.0
2463.0
2474.0
2479.0
2481.0
2482.0
2483.0
423.0
447.0
515.0
2522.0
2592.0
2601.0
2618.0
2723.0
2827.0
2830.0
2842.0
2850.0
2851.0
2883.0
2887.0
2888.0
2889.0
2893.0
2900.0
2905.0
2909.0
324.0
325.0
331.0
374.0
412.0
491.0
492.0
494.0
524.0
552.0
563.0
574.0
603.0
645.0
720.0
732.0
754.0
757.0
767.0
769.0
770.0
773.0
2035.0
2095.0
2119.0
2279.0
2282.0
2414.0
2416.0
2420.0
2429.0
2430.0
2447.0
2449.0
2459.0
2463.0
23.0
2503.0
2579.0
2593.0
2681.0
2682.0
2683.0
2690.0
2693.0
2705.0
2713.0
2716.0
2724.0
2726.0
2734.0
2736.0
2737.0
2763.0
2765.0
2783.0
2800.0
2804.0
2805.0
2814.0
2820.0
2885.0
2890.0
2902.0
2942.0
2958.0
2959.0
2963.0
2967.0
2985.0
1294.0
1330.0
1369.0
1450.0
1470.0
1556.0
1567.0
1568.0
1574.0
1581.0
1598.0
1604.0
1607.0
1609.0
1611.0
1616.0
1622.0
1624.0
1082.0
319.0
325.0
598.0
2512.0
2605.0
508.0
772.0
780.0
790.0
791.0
792.0
798.0
799.0
800.0
802.0
803.0
814.0
815.0
821.0
828.0
892.0
1080.0
1081.0
1082.0
1088.0
1106.0
1125.0
1220.0
1221.0
1222.0
1228.0
1429.0
1431.0
1436.0
1447.0
1455.0
62.0
87.0
111.0
191.0
338.0
341.0
346.0
353.0
357.0
363.0
367.0
368.0
374.0
1504.0
1506.0
1544.0
1570.0
1574.0
1593.0
1735.0
1779.0
1782.0
1784.0
1794.0
1795.0
1796.0
1798.0
1811.0
1812.0
1813.0
1817.0
1819.0
1821.0
1822.0
1823.0
1828.0
1839.0
1847.0
1894.0
2007.0
2010.0
2011.0
2014.0
2018.0
2019.0
2020.0
2027.0
2028.0
2029.0
2030.0
2031.0
2035.0
2057.0
2059.0
2448.0
2504.0
2520.0
2579.0
2594.0
2599.0
2909.0
2932.0
2939.0
2944.0
